177 
194 94 3 100 538 2.000000249
110 175 3 100 98918 2.000000348
214 259 3 100 462 2.000000365
165 272 3 100 226366 2.000000620
252 123 3 100 458 2.000000842
273 312 3 100 505 2.000000996
96 114 3 100 688 2.000001042
46 162 3 100 547 2.000001045
108 84 3 100 911 2.000001064
281 72 3 100 395 2.000001583
101 197 3 100 531 2.000001612
278 124 3 100 461 2.000001953
89 173 3 100 75204 2.000002016
228 23 3 100 6513 2.000002023
205 249 3 100 1009 2.000002162
122 132 3 100 3042 2.000002317
197 32 3 100 415 2.000002431
96 231 3 100 297657 2.000002444
88 184 3 100 354 2.000002543
263 216 3 100 312 2.000002587
142 315 3 100 821 2.000002721
116 234 3 100 119439 2.000002798
234 282 3 100 356565 2.000002802
160 149 3 100 972 2.000003204
25 118 3 100 945 2.000003309
14 62 3 100 639 2.000003386
246 269 3 100 23 2.000003408
265 191 3 100 998 2.000003458
16 241 3 100 134063 2.000003591
247 0 3 100 485 2.000003707
208 114 3 100 822 2.000004420
79 133 3 100 743 2.000004511
217 204 3 100 635 2.000004513
149 309 3 100 343 2.000004714
268 25 3 100 675 2.000004741
313 244 3 100 63835 2.000004852
146 93 3 100 861 2.000005023
30 112 3 100 447 2.000005080
215 307 3 100 56272 2.000005283
145 250 3 100 472 2.000005495
173 298 3 100 102364 2.000005674
229 261 3 100 388 2.000006019
196 62 3 100 376 2.000006128
258 33 3 100 475 2.000006314
237 93 3 100 558 2.000006400
176 68 3 100 230 2.000006460
203 286 3 100 336 2.000006773
69 202 3 100 40251 2.000006809
96 92 3 100 1648 2.000006971
198 253 3 100 386 2.000007098
165 163 3 100 948 2.000007301
36 311 3 100 57596 2.000007606
230 274 3 100 342 2.000007723
96 43 3 100 317 2.000007824
10 187 3 100 383 2.000008022
21 138 3 100 341 2.000008178
7 12 3 100 37401 2.000008226
222 173 3 100 647 2.000008315
12 163 3 100 343 2.000008400
286 284 3 100 447 2.000008404
159 203 3 100 32685 2.000008448
93 146 3 100 58067 2.000008538
298 35 3 100 41838 2.000008784
19 73 3 100 123654 2.000009088
230 216 3 100 471 2.000009238
44 163 3 100 755 2.000009350
289 12 3 100 40 2.000009538
66 269 3 100 392 2.000009629
44 224 3 100 310 2.000009852
123 273 3 100 77102 2.000009862
73 306 3 100 432293 2.000009896
114 265 3 100 363 2.000010338
51 1 3 100 513 2.000010690
28 175 3 100 47269 2.000010718
161 31 3 100 545 2.000010782
58 163 3 100 101584 2.000010820
79 263 3 100 1862 2.000010846
70 235 3 100 503 2.000011312
23 131 3 100 1332 2.000011407
274 123 3 100 229 2.000011425
192 130 3 100 991 2.000011470
273 165 3 100 40712 2.000011675
47 190 3 100 35214 2.000011715
81 203 3 100 419 2.000012298
131 190 3 100 82619 2.000012302
319 109 3 100 694 2.000012354
186 318 3 100 62319 2.000012360
29 44 3 100 742 2.000012503
121 259 3 100 378 2.000012671
81 75 3 100 47116 2.000012695
273 151 3 100 49 2.000012980
56 172 3 100 1904 2.000013437
211 125 3 100 361 2.000013658
231 236 3 100 1922 2.000013828
294 312 3 100 680 2.000013997
246 147 3 100 45995 2.000014011
186 220 3 100 304 2.000014219
216 20 3 100 838 2.000014793
167 301 3 100 12855 2.000015162
141 171 3 100 450 2.000015334
286 238 3 100 331 2.000015337
74 146 3 100 54642 2.000015403
139 25 3 100 65 2.000016249
136 9 3 100 441 2.000016283
43 58 3 100 76593 2.000016634
287 166 3 100 21566 2.000016644
310 249 3 100 515 2.000016746
283 270 3 100 338 2.000016750
121 187 3 100 599 2.000016819
133 231 3 100 892 2.000017045
79 182 3 100 32270 2.000017214
119 246 3 100 357 2.000017259
271 198 3 100 312 2.000017397
186 155 3 100 641 2.000017687
177 272 3 100 651 2.000017694
283 232 3 100 42572 2.000017800
159 67 3 100 336 2.000017863
16 311 3 100 566 2.000017955
273 240 3 100 152999 2.000018095
198 169 3 100 6880 2.000018197
208 155 3 100 223231 2.000018199
279 251 3 100 562 2.000018451
70 15 3 100 635 2.000018533
43 123 3 100 1147 2.000018611
271 60 3 100 325 2.000019289
12 36 3 100 325 2.000019654
150 23 3 100 6071 2.000019920
306 127 3 100 609 2.000020175
124 163 3 100 311 2.000020482
203 79 3 100 38922 2.000021202
274 158 3 100 1865270 2.000021523
12 275 3 100 43800 2.000021736
18 286 3 100 335 2.000021995
71 144 3 100 1252 2.000021998
61 216 3 100 347 2.000022430
130 238 3 100 861 2.000022563
25 121 3 100 56076 2.000022654
1 16 3 100 153839 2.000023535
160 201 3 100 960 2.000023669
160 109 3 100 46107 2.000024386
20 54 3 100 1695 2.000024597
46 260 3 100 914 2.000025655
233 301 3 100 869 2.000025827
202 118 3 100 1502 2.000026156
242 226 3 100 1157 2.000026168
61 10 3 100 836 2.000026359
167 156 3 100 298782 2.000026891
211 250 3 100 783 2.000027131
114 11 3 100 1273 2.000027192
138 129 3 100 342 2.000027465
178 127 3 100 612 2.000027777
255 30 3 100 473 2.000027793
279 58 3 100 393489 2.000028374
211 123 3 100 32172 2.000028717
167 274 3 100 87 2.000028742
141 78 3 100 1123 2.000029185
198 68 3 100 1924 2.000029199
64 216 3 100 424 2.000029369
77 134 3 100 297677 2.000029389
46 96 3 100 334 2.000029434
47 33 3 100 517 2.000029458
75 8 3 100 54152 2.000029487
29 294 3 100 982224 2.000029497
157 55 3 100 866 2.000030083
306 41 3 100 117477 2.000030482
319 74 3 100 664 2.000030553
102 96 3 100 491 2.000032138
160 234 3 100 431 2.000032480
38 237 3 100 62908 2.000032574
161 140 3 100 4054 2.000032672
132 274 3 100 566 2.000032808
40 114 3 100 666 2.000033137
71 274 3 100 306 2.000033635
111 302 3 100 549 2.000033956
56 37 3 100 51027 2.000034853
23 137 3 100 19446 2.000035737
115 144 3 100 663 2.000036674
